00 01 02 03 04 05 02 06 05 01 06 07 08 09 10 11 12 13 14 04 15 04 04 05 
13 10 16 04 13 07 17 04 13 14 03 18 13 19 07 00 01 14 13 12 17 14 09 10 
04 20 21 22 12 25 09 20 02 23 13 19 24 15 04 24 09 10 18 03 12 16 09 20 
02 20 08 16 05 12 13 23 07 09 06 08 25 16 09 13 19 02 05 18 10 05 13 25 
04 26 00 13 12 22 27 13 12 24 09 10 14 06 12 10 27 27 13 12 24 15 27 13 
04 02 01 15 11 13 19 02 05 07 20 02 02 09 20 12 07 09 03 08 09 19 08 28 
15 16 03 18 13 19 08 07 13 18 12 10 03 17 24 09 10 04 06 21 06 02 10 04 
25 26 00 06 16 15 11 24 12 03 04 16 25 07 26 02 13 12 15 06 16 10 11 13 
04 05 11 02 19 20 24 13 27 25 04 05 07 09 10 16 25 02 21 20 12 27 13 02 
02 13 14 16 15 08 15 16 09 25 05 05 10 04 22 03 16 24 13 27 16 24 06 04 
02 10 01 12 13 06 05 23 06 12 07 13 27 00 01 12 10 26 19 02 06 12 11 01 
11 02 10 12 13 19 08 20 24 13 14 13 12 17 04 13 08 20 07 13 16 22 02 27 
27 15 04 03 02 11 13 05 22 10 04 11 12 01 23 24 20 05 18 01 06 17 12 15 
10 26 16 00 03 12 25 04 10 00 29 00 03 11 09 15 04 22 19 16 15 04 26 00 
01 25 04 25 24 25 06 02 16 30 30 30 30 30 30 30 30 30 30 30 30 30 30 30 

